213 Decoder


acc (Before 1st TB)=

     3     3     0     2     4     4     4     3

pathmem =

  Columns 1 through 12 

     0     0     0     0     0     0     0     0     0     0     0     0
     0     1     1     1     1     1     0     1     0     0     1     0
     0     0     0     0     0     0     0     0     0     0     0     0
     0     0     1     1     1     1     1     1     1     1     1     1
     0     0     0     0     0     0     0     0     0     0     0     0
     0     0     0     1     1     0     0     1     0     1     1     1
     0     0     0     0     0     0     0     0     0     0     0     0
     0     0     0     1     1     1     1     1     1     1     1     1

  Columns 13 through 21 

     0     0     0     0     0     0     0     0     0
     0     1     0     1     1     1     0     0     1
     0     0     0     0     0     0     0     0     0
     1     1     1     1     1     1     1     1     1
     0     0     0     0     0     0     0     0     0
     0     1     0     0     1     1     0     1     1
     0     0     0     0     0     0     0     0     0
     1     1     1     1     1     1     1     1     1

K» st_hist

st_hist =

  Columns 1 through 12 

     0     0     0     2     0     4     4     0     0     4     0     0
     0     1     0     2     0     0     4     0     4     4     0     4
     0     0     1     3     5     5     5     5     5     5     1     1
     0     0     1     3     1     5     5     1     5     5     1     1
     0     0     0     0     2     6     6     2     6     6     2     2
     0     0     0     0     2     6     6     2     6     2     2     2
     0     0     0     0     3     7     7     3     7     7     7     3
     0     0     0     0     7     7     7     7     7     7     7     7

  Columns 13 through 21 

     4     4     4     0     0     0     0     4     0
     4     0     4     0     0     0     4     4     0
     5     1     5     1     1     5     5     5     1
     5     1     5     1     1     1     5     5     1
     6     2     2     2     2     2     6     6     2
     6     2     6     6     2     2     6     2     2
     3     3     7     3     3     3     7     7     7
     7     7     7     7     7     7     7     7     7
