x =

     1

K» Rx

Rx =

     1     0     1

K» HD

HD =

  Columns 1 through 12 

     2     0     2     2     2     2     0     2     1     1     1     3

  Columns 13 through 24 

     3     1     1     1     2     2     2     0     0     2     2     2

  Columns 25 through 32 

     1     3     1     1     1     1     3     1

K» A

A =

     2     0     2     2    16    16    16    16

K» P

P =

  Columns 1 through 12 

     0     0     0     0     0     0     0     0     0     0     0     0
     0     0     0     0     0     0     0     0     0     0     0     0
     0     0     0     0     0     0     0     0     0     0     0     0
     0     0     0     0     0     0     0     0     0     0     0     0
     0     0     0     0     0     0     0     0     0     0     0     0
     0     0     0     0     0     0     0     0     0     0     0     0
     0     0     0     0     0     0     0     0     0     0     0     0
     0     1     0     0     0     0     0     0     0     0     0     0

  Columns 13 through 20 

     0     0     0     0     0     0     0     0
     0     0     0     0     0     0     0     0
     0     0     0     0     0     0     0     0
     0     0     0     0     0     0     0     0
     0     0     0     0     0     0     0     0
     0     0     0     0     0     0     0     0
     0     0     0     0     0     0     0     0
     0     0     0     0     0     0     0     0

x =

     2

K» Rx

Rx =

     0     1     1

K» HD

HD =

  Columns 1 through 12 

     2     2     2     0     0     2     2     2     1     3     1     1

  Columns 13 through 24 

     1     1     3     1     2     0     2     2     2     2     0     2

  Columns 25 through 32 

     1     1     1     3     3     1     1     1

K» A

A =

     2     2     2     0     3     3     3     3

K» P

P =

  Columns 1 through 12 

     0     0     0     0     0     0     0     0     0     0     0     0
     0     0     0     0     0     0     0     0     0     0     0     0
     0     0     0     0     0     0     0     0     0     0     0     0
     0     0     0     0     0     0     0     0     0     0     0     0
     0     0     0     0     0     0     0     0     0     0     0     0
     0     0     0     1     0     0     0     0     0     0     0     0
     0     1     0     0     0     0     0     0     0     0     0     0
     0     1     0     0     0     0     0     0     0     0     0     0

  Columns 13 through 20 

     0     0     0     0     0     0     0     0
     0     0     0     0     0     0     0     0
     0     0     0     0     0     0     0     0
     0     0     0     0     0     0     0     0
     0     0     0     0     0     0     0     0
     0     0     0     0     0     0     0     0
     0     0     0     0     0     0     0     0
     0     0     0     0     0     0     0     0

K» x

x =

     3

K» Rx

Rx =

     0     0     1

K» HD

HD =

  Columns 1 through 12 

     1     1     3     1     1     3     1     1     0     2     2     2

  Columns 13 through 24 

     2     2     2     0     3     1     1     1     1     1     1     3

  Columns 25 through 32 

     2     2     0     2     2     0     2     2

K» A

A =

     3     3     3     3     2     2     2     0

K» P

P =

  Columns 1 through 12 

     0     0     0     0     0     0     0     0     0     0     0     0
     0     0     0     0     0     0     0     0     0     0     0     0
     0     0     0     0     0     1     0     0     0     0     0     0
     0     0     0     0     0     0     0     0     0     0     0     0
     0     0     0     0     0     0     0     0     0     0     0     0
     0     0     0     1     0     1     0     0     0     0     0     0
     0     1     0     0     0     1     0     0     0     0     0     0
     0     1     0     0     0     1     0     0     0     0     0     0

  Columns 13 through 20 

     0     0     0     0     0     0     0     0
     0     0     0     0     0     0     0     0
     0     0     0     0     0     0     0     0
     0     0     0     0     0     0     0     0
     0     0     0     0     0     0     0     0
     0     0     0     0     0     0     0     0
     0     0     0     0     0     0     0     0
     0     0     0     0     0     0     0     0

K» x

x =

     4

K» Rx

Rx =

     0     0     1

K» HD

HD =

  Columns 1 through 12 

     1     1     3     1     1     3     1     1     0     2     2     2

  Columns 13 through 24 

     2     2     2     0     3     1     1     1     1     1     1     3

  Columns 25 through 32 

     2     2     0     2     2     0     2     2

K» A

A =

     3     3     3     3     2     0     2     2

K» P

P =

  Columns 1 through 12 

     0     0     0     0     0     0     1     1     0     0     0     0
     0     0     0     0     0     0     1     0     0     0     0     0
     0     0     0     0     0     1     1     0     0     0     0     0
     0     0     0     0     0     0     1     0     0     0     0     0
     0     0     0     0     0     0     1     1     0     0     0     0
     0     0     0     1     0     1     1     1     0     0     0     0
     0     1     0     0     0     1     1     0     0     0     0     0
     0     1     0     0     0     1     1     1     0     0     0     0

  Columns 13 through 20 

     0     0     0     0     0     0     0     0
     0     0     0     0     0     0     0     0
     0     0     0     0     0     0     0     0
     0     0     0     0     0     0     0     0
     0     0     0     0     0     0     0     0
     0     0     0     0     0     0     0     0
     0     0     0     0     0     0     0     0
     0     0     0     0     0     0     0     0

K» x

x =

     5

K» Rx

Rx =

     0     1     1

K» HD

HD =

  Columns 1 through 12 

     2     2     2     0     0     2     2     2     1     3     1     1

  Columns 13 through 24 

     1     1     3     1     2     0     2     2     2     2     0     2

  Columns 25 through 32 

     1     1     1     3     3     1     1     1

K» A

A =

     2     2     0     2     3     3     3     3

K» P

P =

  Columns 1 through 12 

     0     0     0     0     0     0     1     1     1     1     0     0
     0     0     0     0     0     0     1     0     1     0     0     0
     0     0     0     0     0     1     1     0     1     1     0     0
     0     0     0     0     0     0     1     0     1     1     0     0
     0     0     0     0     0     0     1     1     1     0     0     0
     0     0     0     1     0     1     1     1     1     0     0     0
     0     1     0     0     0     1     1     0     1     0     0     0
     0     1     0     0     0     1     1     1     1     1     0     0

  Columns 13 through 20 

     0     0     0     0     0     0     0     0
     0     0     0     0     0     0     0     0
     0     0     0     0     0     0     0     0
     0     0     0     0     0     0     0     0
     0     0     0     0     0     0     0     0
     0     0     0     0     0     0     0     0
     0     0     0     0     0     0     0     0
     0     0     0     0     0     0     0     0

K» x

x =

     6

K» Rx

Rx =

     1     1     1

K» HD

HD =

  Columns 1 through 12 

     3     1     1     1     1     1     1     3     2     2     0     2

  Columns 13 through 24 

     2     0     2     2     1     1     3     1     1     3     1     1

  Columns 25 through 32 

     0     2     2     2     2     2     2     0

K» A

A =

     3     3     3     3     2     2     0     2

K» P

P =

