msg =

  Columns 1 through 12 

     0     1     1     0     1     1     0     0     1     0     1     0
     0     1     0     1     0     1     0     1     0     1     0     1

  Columns 13 through 20 

     0     0     1     1     0     0     1     0
     0     1     0     1     0     1     0     1

K» U

U =

  Columns 1 through 12 

     0     0     1     1     0     1     1     0     0     1     1     1

  Columns 13 through 24 

     0     0     1     0     0     1     1     0     0     1     1     0

  Columns 25 through 36 

     0     0     1     0     0     1     1     1     0     0     1     0

  Columns 37 through 40 

     0     1     1     0

K» V

V =

  Columns 1 through 12 

     0     0     0     0     1     1     1     1     1     0     1     1

  Columns 13 through 24 

     1     0     0     1     1     0     0     1     0     0     0     0

  Columns 25 through 36 

     1     0     0     0     1     1     1     0     0     0     1     1

  Columns 37 through 48 

     0     0     1     0     0     0     1     0     0     1     1     0

  Columns 49 through 60 

     0     1     0     0     0     0     1     0     0     0     1     1

  Columns 61 through 66 

     0     0     1     1     1     0

R =

  Columns 1 through 12 

     0     0     0     0     1     1     1     1     1     0     1     1

  Columns 13 through 24 

     1     0     0     1     1     0     0     1     0     0     0     0

  Columns 25 through 36 

     1     0     0     0     1     1     1     0     0     0     1     1

  Columns 37 through 48 

     0     0     1     0     0     0     1     0     0     1     1     0

  Columns 49 through 60 

     0     1     0     0     0     0     1     0     0     0     1     1

  Columns 61 through 66 

     0     0     1     1     1     0

x=1

Rx =

     0     0     0

K» HD

HD =

  Columns 1 through 12 

     0     2     2     2     2     2     2     0     1     1     3     2

  Columns 13 through 24 

     2     3     1     1     2     2     0     2     2     0     2     2

  Columns 25 through 32 

     3     1     1     1     1     1     1     3

A =

     0     2     2     2    16    16    16    16

K» P

P =

  Columns 1 through 12 

     0     0     0     0     0     0     0     0     0     0     0     0
     0     0     0     0     0     0     0     0     0     0     0     0
     0     0     0     0     0     0     0     0     0     0     0     0
     0     0     0     0     0     0     0     0     0     0     0     0
     0     0     0     0     0     0     0     0     0     0     0     0
     0     0     0     0     0     0     0     0     0     0     0     0
     0     1     0     0     0     0     0     0     0     0     0     0
     0     1     0     0     0     0     0     0     0     0     0     0

  Columns 13 through 20 

     0     0     0     0     0     0     0     0
     0     0     0     0     0     0     0     0
     0     0     0     0     0     0     0     0
     0     0     0     0     0     0     0     0
     0     0     0     0     0     0     0     0
     0     0     0     0     0     0     0     0
     0     0     0     0     0     0     0     0
     0     0     0     0     0     0     0     0

x=2

Rx =

     0     1     1

K» HD

HD =

  Columns 1 through 12 

     2     2     2     0     0     2     2     2     1     3     1     1

  Columns 13 through 24 

     1     1     3     1     2     0     2     2     2     2     0     2

  Columns 25 through 32 

     1     1     1     3     3     1     1     1

K» A

A =

     2     2     2     0     3     3     3     3

K» P

P =

  Columns 1 through 12 

     0     0     0     0     0     0     0     0     0     0     0     0
     0     0     0     0     0     0     0     0     0     0     0     0
     0     0     0     0     0     0     0     0     0     0     0     0
     0     0     0     0     0     0     0     0     0     0     0     0
     0     0     0     0     0     0     0     0     0     0     0     0
     0     0     0     1     0     0     0     0     0     0     0     0
     0     1     0     0     0     0     0     0     0     0     0     0
     0     1     0     0     0     0     0     0     0     0     0     0

  Columns 13 through 20 

     0     0     0     0     0     0     0     0
     0     0     0     0     0     0     0     0
     0     0     0     0     0     0     0     0
     0     0     0     0     0     0     0     0
     0     0     0     0     0     0     0     0
     0     0     0     0     0     0     0     0
     0     0     0     0     0     0     0     0
     0     0     0     0     0     0     0     0

x=3

Rx =

     1     1     1

K» HD

HD =

  Columns 1 through 12 

     3     1     1     1     1     1     1     3     2     2     0     2

  Columns 13 through 24 

     2     0     2     2     1     1     3     1     1     3     1     1

  Columns 25 through 32 

     0     2     2     2     2     2     2     0

K» A

A =

     3     3     3     3     2     0     2     2

K» P

P =

  Columns 1 through 12 

     0     0     0     0     0     1     0     0     0     0     0     0
     0     0     0     0     0     0     0     0     0     0     0     0
     0     0     0     0     0     0     0     0     0     0     0     0
     0     0     0     0     0     0     0     0     0     0     0     0
     0     0     0     0     0     1     0     0     0     0     0     0
     0     0     0     1     0     1     0     0     0     0     0     0
     0     1     0     0     0     0     0     0     0     0     0     0
     0     1     0     0     0     1     0     0     0     0     0     0

  Columns 13 through 20 

     0     0     0     0     0     0     0     0
     0     0     0     0     0     0     0     0
     0     0     0     0     0     0     0     0
     0     0     0     0     0     0     0     0
     0     0     0     0     0     0     0     0
     0     0     0     0     0     0     0     0
     0     0     0     0     0     0     0     0
     0     0     0     0     0     0     0     0

x=4

Rx =

     0     1     1

K» HD

HD =

  Columns 1 through 12 

     2     2     2     0     0     2     2     2     1     3     1     1

  Columns 13 through 24 

     1     1     3     1     2     0     2     2     2     2     0     2

  Columns 25 through 32 

     1     1     1     3     3     1     1     1

K» A

A =

     2     2     0     2     3     3     3     3

K» P

P =

  Columns 1 through 12 

     0     0     0     0     0     1     1     1     0     0     0     0
     0     0     0     0     0     0     1     0     0     0     0     0
     0     0     0     0     0     0     1     1     0     0     0     0
     0     0     0     0     0     0     1     1     0     0     0     0
     0     0     0     0     0     1     1     0     0     0     0     0
     0     0     0     1     0     1     1     0     0     0     0     0
     0     1     0     0     0     0     1     0     0     0     0     0
     0     1     0     0     0     1     1     1     0     0     0     0

  Columns 13 through 20 

     0     0     0     0     0     0     0     0
     0     0     0     0     0     0     0     0
     0     0     0     0     0     0     0     0
     0     0     0     0     0     0     0     0
     0     0     0     0     0     0     0     0
     0     0     0     0     0     0     0     0
     0     0     0     0     0     0     0     0
     0     0     0     0     0     0     0     0

x=5

Rx =

     1     0     0

K» HD

HD =

  Columns 1 through 12 

     1     1     1     3     3     1     1     1     2     0     2     2

