322 Forward


Ux =
     00 11 11 00 11 11 00 00 11 00 11 00 00 00 11 11 00 00 11 00

Msg =

     0  1  1  0  1  1  0  0  1  0  1  0  0  0  1  1  0  0  1  0
     0  1  1  0  1  1  0  0  1  0  1  0  0  0  1  1  0  0  1  0


acc (Before1st TB)=

     2     2     2     0     3     3     3     3

pathmem (Before 1st TB)=

  Columns 1 through 12 

     0     0     0     0     0     0     0     0     0     0     0     0
     0     0     0     1     0     1     0     1     0     1     0     1
     0     0     1     0     1     0     1     0     1     0     1     0
     0     0     1     1     1     1     1     1     1     1     1     1
     0     0     0     0     0     0     0     0     0     0     0     0
     0     0     0     0     0     1     0     1     0     1     0     1
     0     0     0     0     1     0     1     0     1     0     1     0
     0     0     0     0     1     1     1     1     1     1     1     1

  Columns 13 through 24 

     0     0     0     0     0     0     0     0     0     0     0     0
     0     1     0     1     0     1     0     1     0     1     0     1
     1     0     1     0     1     0     1     0     1     0     1     0
     1     1     1     1     1     1     1     1     1     1     1     1
     0     0     0     0     0     0     0     0     0     0     0     0
     0     1     0     1     0     1     0     1     0     1     0     1
     1     0     1     0     1     0     1     0     1     0     1     0
     1     1     1     1     1     1     1     1     1     1     1     1

  Columns 25 through 32 

     0     0     0     0     0     0     0     0
     0     1     0     1     0     1     0     1
     1     0     1     0     1     0     1     0
     1     1     1     1     1     1     1     1
     0     0     0     0     0     0     0     0
     0     1     0     1     0     1     0     1
     1     0     1     0     1     0     1     0
     1     1     1     1     1     1     1     1

st_hist =

  Columns 1 through 12 

     0     0     0     0     4     4     0     4     4     0     0     4
     0     0     0     0     5     4     0     5     4     0     1     4
     0     0     0     1     4     4     1     4     4     0     0     4
     0     0     0     0     4     4     0     4     4     0     0     4
     0     0     2     2     7     6     2     7     6     2     3     6
     0     0     3     3     7     7     3     7     6     3     3     7
     0     0     2     3     7     6     3     7     7     2     3     6
     0     0     2     3     6     6     3     6     6     2     2     6

  Columns 13 through 16 

     0     4     0     0
     1     4     0     0
     0     4     0     0
     0     4     0     0
     3     6     2     2
     3     6     2     3
     3     7     3     2
     2     6     3     2
